1,3,1,26.07.2024.,25.07.2024.,-1,6700.0,false,2,3,1;3;,03.07.2024.,3;
2,1,1,04.07.2024.,25.07.2024.,21,6300.0,false,3, , ,03.07.2024., 
3,4,1,26.06.2024.,25.06.2024.,-1,15380,false,2,2,1;3;,03.07.2024.,2;
4,1,1,26.05.2024.,25.05.2024.,-1,21450,false,2,2,1;3;,03.07.2024.,2;
5,2,1,26.04.2024.,25.04.2024.,-1,5380,false,2,1,1;3;,03.07.2024.,1;
6,4,1,26.03.2024.,25.03.2024.,-1,13252,false,2,1,1;3;,03.07.2024.,1;
7,2,1,26.02.2024.,25.02.2024.,-1,9870,false,2,4,1;3;,03.07.2024.,4;
8,3,1,26.01.2024.,25.01.2024.,-1,3333,false,2,3,1;3;,03.07.2024.,3;
9,1,1,26.12.2023.,25.12.2023.,-1,5555,false,2,4,1;3;,03.07.2024.,4;
10,4,1,26.11.2023.,25.11.2023.,-1,13333,false,2,1,1;3;,03.07.2024.,1;
11,2,1,26.10.2023.,25.10.2023.,-1,23333,false,2,1,1;3;,03.07.2024.,1;
12,2,1,26.09.2023.,25.09.2023.,-1,33333,false,2,2,1;3;,03.07.2024.,2;
13,3,1,26.08.2023.,25.08.2023.,-1,7501,false,2,4,1;3;,03.07.2024.,4;
